Webots Project File version R2022a
perspectives: 000000ff00000000fd00000002000000010000029800000261fc0200000001fb0000001400540065007800740045006400690074006f00720100000000000002610000008b00ffffff00000003000005a000000089fc0100000001fb0000001a0043006f006e0073006f006c00650041006c006c0041006c006c0100000000000005a00000008700ffffff000003060000026100000001000000020000000100000008fc00000000
simulationViewPerspectives: 000000ff00000001000000020000015e000001a60100000002010000000101
sceneTreePerspectives: 000000ff0000000100000002000000c0000000fa0100000002010000000201
minimizedPerspectives: 000000ff00000000fd000000030000000000000087000002ecfc0100000001fb0000001e00480074006d006c0052006f0062006f007400570069006e0064006f0077000000000000000087000000000000000000000001000002b500000210fc0200000001fb0000001400540065007800740045006400690074006f00720100000000000002100000008b00ffffff00000003000005a9000000dafc0100000002fb0000000e0043006f006e0073006f006c006501000000000000073f0000000000000000fb0000001a0043006f006e0073006f006c00650041006c006c0041006c006c0100000000000005a90000008700ffffff000002f20000021000000001000000020000000100000008fc00000000
maximizedDockId: -1
centralWidgetVisible: 1
orthographicViewHeight: 1
textFiles: 3 "controllers/khepera_gripper/khepera_gripper.py" "controllers/khepera_gripper_2/khepera_gripper_2.py" "controllers/khepera_gripper_3/khepera_gripper_3.py" "controllers/ga_supervisor/ga_supervisor.py" "controllers/ga_supervisor/robot_pop.py" "controllers/supervisor_controller/supervisor_controller.py" "controllers/generic_crw_foraging/generic_crw_foraging.py"
consoles: Console:All:All
renderingDevicePerspectives: khepera camera(1):camera;0;8.59375;0;0
renderingDevicePerspectives: khepera camera(2):camera;0;8.59375;0;0
renderingDevicePerspectives: khepera camera:camera;0;8.59375;0;0
